0 0.034375 0.21796875 0.05546875 0.16171875
0 0.096875 0.25234375 0.0640625 0.1375
0 0.1703125 0.225 0.071875 0.18359375
0 0.78125 0.29375 0.08203125 0.25625
0 0.86171875 0.2734375 0.0796875 0.1875
0 0.94375 0.26640625 0.0765625 0.178125
0 0.03125 0.7453125 0.05234375 0.16953125
0 0.09765625 0.77109375 0.071875 0.14375
0 0.1734375 0.740625 0.06171875 0.17578125
0 0.365625 0.76796875 0.1078125 0.2625
0 0.475 0.7875 0.103125 0.2625
0 0.5765625 0.78046875 0.08828125 0.2609375
0 0.68515625 0.7796875 0.1 0.26640625
0 0.78125 0.79609375 0.09765625 0.2625
0 0.86875 0.790625 0.0734375 0.2125
0 0.9484375 0.790625 0.0703125 0.18359375
