0 0.25390625 0.5890625 0.071875 0.2046875
0 0.18359375 0.51328125 0.0578125 0.12578125
0 0.3359375 0.59609375 0.0765625 0.20234375
0 0.40859375 0.6875 0.07734375 0.25625
0 0.49375 0.76953125 0.08515625 0.29375
0 0.5671875 0.84296875 0.0671875 0.290625
0 0.6421875 0.87890625 0.075 0.2421875
0 0.45859375 0.16484375 0.08359375 0.1859375
0 0.559375 0.215625 0.1046875 0.14921875
0 0.6703125 0.36171875 0.08984375 0.2078125
0 0.75546875 0.4734375 0.06484375 0.171875
0 0.8375 0.86640625 0.0828125 0.17734375
0 0.30703125 0.27265625 0.090625 0.12109375
