0 0.40625 0.08984375 0.11328125 0.15546875
0 0.52578125 0.09609375 0.07265625 0.1203125
0 0.596875 0.16875 0.1109375 0.1671875
0 0.7 0.23984375 0.1015625 0.1453125
0 0.253125 0.26796875 0.1125 0.13671875
0 0.1703125 0.50546875 0.15859375 0.165625
0 0.20390625 0.39609375 0.0765625 0.1203125
0 0.08359375 0.59765625 0.165625 0.196875
0 0.746875 0.78046875 0.18203125 0.18671875
0 0.790625 0.92109375 0.128125 0.1578125
0 0.75390625 0.63671875 0.1703125 0.14375
0 0.75234375 0.50703125 0.13125 0.08671875
