0 0.4671875 0.56796875 0.14296875 0.21953125
0 0.62109375 0.58984375 0.153125 0.2328125
0 0.75390625 0.60078125 0.09140625 0.17265625
0 0.8953125 0.6875 0.14609375 0.24140625
0 0.80703125 0.8484375 0.12109375 0.2328125
0 0.91875 0.88828125 0.0875 0.153125
0 0.31796875 0.49296875 0.12890625 0.19296875
0 0.23125 0.67109375 0.12109375 0.2609375
0 0.35078125 0.69765625 0.115625 0.2109375
0 0.1265625 0.65859375 0.09296875 0.1375
0 0.18203125 0.4984375 0.1015625 0.22578125
0 0.0765625 0.4671875 0.0890625 0.20390625
