0 0.10234375 0.196875 0.05546875 0.2484375
0 0.1546875 0.2875 0.06875 0.23984375
0 0.2265625 0.390625 0.0640625 0.32265625
0 0.32578125 0.45703125 0.071875 0.33046875
0 0.41796875 0.56640625 0.0828125 0.31015625
0 0.5015625 0.615625 0.09375 0.334375
0 0.58515625 0.66015625 0.0921875 0.3625
0 0.6921875 0.7296875 0.08828125 0.378125
0 0.77265625 0.7328125 0.07265625 0.3
0 0.8484375 0.54375 0.08828125 0.27578125
0 0.7171875 0.1296875 0.0765625 0.259375
0 0.80703125 0.1859375 0.08125 0.321875
0 0.87890625 0.23515625 0.06796875 0.225
0 0.571875 0.06796875 0.21796875 0.1359375
