0 0.59140625 0.54140625 0.10703125 0.17734375
0 0.69453125 0.58515625 0.10234375 0.21328125
0 0.753125 0.64375 0.06015625 0.17734375
0 0.81953125 0.6640625 0.07421875 0.18203125
0 0.46171875 0.54921875 0.15625 0.21328125
0 0.31953125 0.54609375 0.1390625 0.1859375
0 0.20078125 0.528125 0.10625 0.15
0 0.04296875 0.6703125 0.0859375 0.16875
0 0.19375 0.83984375 0.10078125 0.19765625
0 0.26171875 0.86953125 0.0546875 0.14453125
0 0.10390625 0.92109375 0.06796875 0.1140625
0 0.66875 0.8796875 0.1046875 0.21015625
0 0.76015625 0.92421875 0.075 0.13515625
0 0.56953125 0.8796875 0.0890625 0.16953125
