0 0.571875 0.26015625 0.1015625 0.18046875
0 0.67109375 0.24453125 0.0765625 0.16640625
0 0.76015625 0.35546875 0.0734375 0.13671875
0 0.45625 0.321875 0.134375 0.2234375
0 0.31875 0.37890625 0.1375 0.21484375
0 0.19296875 0.41953125 0.1109375 0.19453125
0 0.05625 0.58046875 0.08046875 0.1734375
0 0.10078125 0.48984375 0.121875 0.228125
0 0.103125 0.859375 0.06953125 0.12890625
0 0.18984375 0.78984375 0.096875 0.228125
0 0.30234375 0.76328125 0.075 0.09453125
0 0.63203125 0.63203125 0.1265625 0.15859375
0 0.74609375 0.63125 0.07265625 0.121875
