0 0.12890625 0.33515625 0.0546875 0.11015625
0 0.19765625 0.2796875 0.09375 0.14765625
0 0.290625 0.321875 0.0875 0.14765625
0 0.3734375 0.31015625 0.07578125 0.12890625
0 0.6875 0.31640625 0.0984375 0.1625
0 0.77265625 0.31640625 0.0609375 0.18984375
0 0.8265625 0.33984375 0.05078125 0.146875
0 0.190625 0.75625 0.0953125 0.23984375
0 0.29765625 0.69296875 0.09765625 0.2828125
0 0.41953125 0.67578125 0.1546875 0.259375
0 0.56484375 0.75234375 0.128125 0.14140625
0 0.68203125 0.73515625 0.10859375 0.1546875
0 0.7734375 0.68203125 0.11484375 0.21875
0 0.8484375 0.68359375 0.07109375 0.13671875
