0 0.44765625 0.27109375 0.14609375 0.21796875
0 0.609375 0.28984375 0.13203125 0.20859375
0 0.71796875 0.31171875 0.07734375 0.14765625
0 0.79609375 0.30859375 0.06640625 0.103125
0 0.84296875 0.3984375 0.06953125 0.11484375
0 0.85859375 0.51328125 0.0640625 0.09296875
0 0.78515625 0.678125 0.06171875 0.096875
0 0.7015625 0.72890625 0.08828125 0.1484375
0 0.328125 0.29140625 0.08046875 0.13984375
0 0.14375 0.30703125 0.09375 0.13828125
0 0.18046875 0.78984375 0.09140625 0.15703125
0 0.29140625 0.75859375 0.09140625 0.13671875
0 0.38046875 0.73046875 0.07734375 0.16328125
0 0.45546875 0.74921875 0.0671875 0.140625
0 0.52890625 0.7453125 0.07265625 0.1375
0 0.60625 0.73359375 0.075 0.1859375
