0 0.6078125 0.29375 0.14296875 0.2265625
0 0.45234375 0.26171875 0.134375 0.2171875
0 0.325 0.28359375 0.096875 0.1234375
0 0.18125 0.78203125 0.103125 0.1515625
0 0.29609375 0.76953125 0.0890625 0.14296875
0 0.3828125 0.74765625 0.075 0.14765625
0 0.45078125 0.74921875 0.07265625 0.140625
0 0.60859375 0.73984375 0.0828125 0.1546875
0 0.70625 0.72265625 0.075 0.1421875
0 0.7765625 0.67578125 0.05625 0.09140625
0 0.7140625 0.309375 0.08046875 0.1328125
0 0.803125 0.3125 0.071875 0.12734375
0 0.853125 0.51484375 0.07109375 0.1078125
0 0.8421875 0.39296875 0.0609375 0.11484375
