0 0.56015625 0.26328125 0.12890625 0.20078125
0 0.68203125 0.2671875 0.10234375 0.17578125
0 0.4140625 0.31875 0.1609375 0.246875
0 0.2921875 0.3140625 0.09921875 0.26953125
0 0.20390625 0.24140625 0.11328125 0.24140625
0 0.13046875 0.2671875 0.06328125 0.165625
0 0.784375 0.2796875 0.096875 0.228125
0 0.84609375 0.3125 0.0609375 0.14453125
0 0.89609375 0.3171875 0.03984375 0.1109375
0 0.19609375 0.725 0.096875 0.17109375
0 0.2953125 0.68046875 0.1 0.17265625
0 0.3890625 0.6953125 0.0875 0.15546875
0 0.70078125 0.69140625 0.09609375 0.16328125
0 0.78046875 0.68671875 0.06015625 0.184375
0 0.83046875 0.6546875 0.04921875 0.1421875
0 0.88046875 0.6 0.08671875 0.171875
0 0.128125 0.6546875 0.0453125 0.12109375
