0 0.4125 0.3296875 0.17109375 0.2484375
0 0.56484375 0.259375 0.1359375 0.15546875
0 0.68515625 0.2546875 0.10078125 0.17265625
0 0.76484375 0.3234375 0.11328125 0.27265625
0 0.8390625 0.33125 0.065625 0.165625
0 0.8890625 0.30390625 0.0453125 0.08046875
0 0.2921875 0.31015625 0.0828125 0.25234375
0 0.19375 0.23203125 0.09921875 0.2171875
0 0.18828125 0.6953125 0.08125 0.13828125
0 0.30390625 0.66953125 0.08984375 0.16796875
0 0.39140625 0.69375 0.07578125 0.12421875
0 0.696875 0.68203125 0.08828125 0.1546875
0 0.78125 0.68359375 0.0546875 0.1734375
0 0.834375 0.66171875 0.05 0.13515625
