0 0.0375 0.9078125 0.075 0.1203125
0 0.140625 0.69453125 0.16328125 0.21328125
0 0.16796875 0.540625 0.16640625 0.17421875
0 0.20703125 0.4046875 0.1421875 0.1421875
0 0.359375 0.13359375 0.05859375 0.13515625
0 0.42734375 0.1234375 0.08359375 0.14921875
0 0.49296875 0.12109375 0.05390625 0.13515625
0 0.54375 0.1140625 0.0421875 0.0953125
0 0.67734375 0.15078125 0.09609375 0.159375
0 0.796875 0.4421875 0.05390625 0.11015625
0 0.796875 0.34765625 0.04765625 0.09296875
0 0.8171875 0.60078125 0.04921875 0.12734375
0 0.8390625 0.73671875 0.184375 0.13984375
0 0.89375 0.90390625 0.15 0.1921875
