0 0.60078125 0.31015625 0.2 0.42265625
0 0.41171875 0.32578125 0.17890625 0.39765625
0 0.27421875 0.3984375 0.10859375 0.37265625
0 0.18359375 0.4171875 0.096875 0.43125
0 0.1 0.44453125 0.09140625 0.290625
0 0.13828125 0.73203125 0.06875 0.18984375
0 0.19375 0.73359375 0.078125 0.23515625
0 0.271875 0.81953125 0.08046875 0.14453125
0 0.4046875 0.7265625 0.103125 0.2828125
0 0.51640625 0.6890625 0.11015625 0.3
0 0.61875 0.71328125 0.103125 0.17890625
0 0.71328125 0.7140625 0.096875 0.23203125
0 0.81875 0.76484375 0.08671875 0.271875
0 0.8921875 0.7375 0.05703125 0.19609375
0 0.95625 0.75078125 0.06640625 0.19296875
0 0.76484375 0.33984375 0.125 0.3796875
0 0.88359375 0.36796875 0.1140625 0.43046875
