0 0.46796875 0.2421875 0.12890625 0.19453125
0 0.3390625 0.40859375 0.153125 0.1828125
0 0.27734375 0.56328125 0.1109375 0.14921875
0 0.503125 0.91953125 0.075 0.1375
0 0.55234375 0.80234375 0.0796875 0.14296875
0 0.6 0.71484375 0.0734375 0.13671875
0 0.69609375 0.53046875 0.09765625 0.14921875
0 0.75078125 0.41640625 0.09921875 0.12265625
0 0.775 0.3015625 0.07890625 0.11640625
0 0.5421875 0.10625 0.0734375 0.12890625
0 0.6046875 0.046875 0.06171875 0.09296875
0 0.66640625 0.046875 0.06875 0.09296875
0 0.7375 0.096875 0.071875 0.1328125
