0 0.17578125 0.93515625 0.16171875 0.1296875
0 0.24921875 0.7953125 0.17265625 0.14296875
0 0.23828125 0.67265625 0.04921875 0.084375
0 0.23515625 0.528125 0.0640625 0.11171875
0 0.2875 0.2328125 0.084375 0.1359375
0 0.42265625 0.14375 0.04609375 0.13125
0 0.503125 0.15234375 0.10859375 0.1359375
0 0.59140625 0.14296875 0.059375 0.12890625
0 0.753125 0.32734375 0.14296875 0.12890625
0 0.79296875 0.46328125 0.13671875 0.13828125
0 0.84375 0.62265625 0.1453125 0.140625
0 0.96171875 0.73515625 0.0671875 0.09375
