0 0.396875 0.315625 0.18984375 0.40390625
0 0.5875 0.3328125 0.1765625 0.42734375
0 0.72578125 0.40703125 0.09296875 0.3546875
0 0.8140625 0.33125 0.090625 0.3046875
0 0.234375 0.30078125 0.12109375 0.29609375
0 0.11875 0.36328125 0.12109375 0.42578125
0 0.18046875 0.7265625 0.08828125 0.3390625
0 0.2796875 0.67265625 0.103125 0.30859375
0 0.38125 0.66875 0.0953125 0.29609375
0 0.48828125 0.67265625 0.10859375 0.3046875
0 0.59765625 0.7015625 0.10625 0.309375
0 0.72734375 0.82109375 0.0921875 0.21328125
0 0.80390625 0.73671875 0.07109375 0.22578125
0 0.8765625 0.7078125 0.0796875 0.2140625
0 0.8796875 0.4640625 0.05546875 0.19609375
