0 0.58671875 0.33046875 0.165625 0.2546875
0 0.4359375 0.259375 0.13125 0.15546875
0 0.3125 0.265625 0.1046875 0.146875
0 0.23046875 0.31171875 0.13359375 0.25390625
0 0.17890625 0.35234375 0.0921875 0.196875
0 0.1125 0.3171875 0.04375 0.09609375
0 0.30703125 0.6875 0.08984375 0.165625
0 0.22265625 0.68203125 0.071875 0.196875
0 0.134375 0.58671875 0.05859375 0.209375
0 0.17421875 0.65703125 0.04921875 0.13671875
0 0.70078125 0.30703125 0.08046875 0.2875
0 0.79453125 0.23203125 0.09765625 0.25546875
0 0.86875 0.28984375 0.0640625 0.221875
0 0.7046875 0.665625 0.09453125 0.18671875
0 0.8109375 0.7015625 0.08203125 0.17265625
0 0.8734375 0.65078125 0.04921875 0.13515625
