0 0.4453125 0.26328125 0.14140625 0.22578125
0 0.32421875 0.30390625 0.09140625 0.1375
0 0.61015625 0.2953125 0.12890625 0.19140625
0 0.7203125 0.3171875 0.08203125 0.14765625
0 0.79765625 0.3140625 0.06953125 0.1140625
0 0.8578125 0.51875 0.08359375 0.11484375
0 0.840625 0.4 0.07421875 0.12734375
0 0.69921875 0.728125 0.06875 0.1359375
0 0.77109375 0.67734375 0.053125 0.09609375
0 0.61015625 0.73203125 0.07109375 0.14921875
0 0.38046875 0.734375 0.0703125 0.1484375
0 0.45078125 0.7421875 0.0609375 0.13203125
0 0.2953125 0.75390625 0.08828125 0.1234375
