0 0.54921875 0.27578125 0.1390625 0.24453125
0 0.3953125 0.3 0.13515625 0.221875
0 0.284375 0.3203125 0.08359375 0.159375
0 0.153125 0.5125 0.0796875 0.10234375
0 0.1625 0.39609375 0.0703125 0.115625
0 0.18984375 0.30234375 0.06640625 0.11875
0 0.2234375 0.68359375 0.06171875 0.1015625
0 0.303125 0.71953125 0.078125 0.13046875
0 0.39296875 0.7265625 0.08671875 0.18203125
0 0.4796875 0.73671875 0.0765625 0.15859375
0 0.5453125 0.734375 0.07265625 0.1546875
0 0.6234375 0.73828125 0.084375 0.17265625
0 0.71484375 0.76328125 0.06953125 0.13046875
0 0.6734375 0.29296875 0.0890625 0.1546875
