0 0.5890625 0.32890625 0.18203125 0.4046875
0 0.39375 0.29921875 0.19453125 0.39609375
0 0.23203125 0.28515625 0.12890625 0.290625
0 0.11328125 0.29453125 0.12109375 0.26796875
0 0.184375 0.76640625 0.08125 0.23828125
0 0.10078125 0.7328125 0.07265625 0.17734375
0 0.0421875 0.76875 0.06640625 0.1671875
0 0.28828125 0.7140625 0.1140625 0.2015625
0 0.396875 0.69375 0.08671875 0.2015625
0 0.4875 0.68359375 0.10390625 0.2421875
0 0.58515625 0.73203125 0.10625 0.26796875
0 0.72265625 0.8296875 0.0890625 0.165625
0 0.8 0.72109375 0.0828125 0.2046875
0 0.86875 0.7359375 0.07265625 0.1828125
0 0.72109375 0.38125 0.10390625 0.359375
0 0.8125 0.34375 0.09140625 0.30390625
0 0.875 0.415625 0.05625 0.28984375
0 0.9203125 0.375 0.0515625 0.18203125
