0 0.3921875 0.30703125 0.20859375 0.38671875
0 0.5875 0.3265625 0.16484375 0.42421875
0 0.72109375 0.39453125 0.09765625 0.3765625
0 0.815625 0.34609375 0.09140625 0.309375
0 0.89609375 0.4484375 0.09375 0.26640625
0 0.2359375 0.28671875 0.121875 0.28359375
0 0.11171875 0.359375 0.1234375 0.4296875
0 0.03828125 0.73046875 0.05859375 0.2296875
0 0.10234375 0.7078125 0.06953125 0.234375
0 0.18828125 0.759375 0.10546875 0.265625
0 0.2953125 0.69453125 0.09453125 0.23984375
0 0.39375 0.69765625 0.08984375 0.2140625
0 0.47734375 0.68359375 0.10390625 0.26875
0 0.590625 0.73359375 0.1125 0.25078125
0 0.71875 0.8203125 0.084375 0.1609375
0 0.7953125 0.721875 0.0734375 0.21640625
0 0.865625 0.72890625 0.07265625 0.209375
