0 0.95234375 0.86796875 0.09453125 0.15390625
0 0.7734375 0.7796875 0.0625 0.0859375
0 0.76328125 0.94921875 0.06171875 0.09921875
0 0.8265625 0.853125 0.046875 0.0828125
0 0.6 0.8421875 0.06171875 0.09140625
0 0.65546875 0.86796875 0.0484375 0.11171875
0 0.70078125 0.86640625 0.0609375 0.10390625
0 0.50703125 0.7375 0.09765625 0.16328125
0 0.44296875 0.8703125 0.08046875 0.1328125
0 0.51171875 0.90078125 0.06484375 0.0765625
0 0.35546875 0.71796875 0.121875 0.16484375
0 0.146875 0.66796875 0.18203125 0.321875
0 0.028125 0.63125 0.05546875 0.2546875
