0 0.13515625 0.14140625 0.17421875 0.1828125
0 0.20234375 0.27109375 0.16328125 0.1703125
0 0.21875 0.4015625 0.0796875 0.109375
0 0.23203125 0.55234375 0.07109375 0.12734375
0 0.32421875 0.80625 0.0921875 0.16796875
0 0.4484375 0.8734375 0.06484375 0.128125
0 0.5359375 0.8390625 0.1234375 0.16796875
0 0.6359375 0.82421875 0.08359375 0.16015625
0 0.7671875 0.5890625 0.1359375 0.15078125
0 0.7953125 0.45078125 0.1328125 0.15859375
0 0.81796875 0.3046875 0.1625 0.190625
0 0.93125 0.15703125 0.10078125 0.14140625
