0 0.18046875 0.2234375 0.09765625 0.15625
0 0.2984375 0.2453125 0.08671875 0.1453125
0 0.38515625 0.26875 0.0796875 0.18671875
0 0.46015625 0.26640625 0.06953125 0.165625
0 0.53359375 0.265625 0.07421875 0.1484375
0 0.603125 0.26640625 0.08359375 0.1828125
0 0.78203125 0.34140625 0.0734375 0.1203125
0 0.69296875 0.28203125 0.084375 0.1484375
0 0.33359375 0.6984375 0.09921875 0.14765625
0 0.446875 0.72890625 0.13046875 0.2203125
0 0.61171875 0.69765625 0.11796875 0.20703125
0 0.7203125 0.6359375 0.09921875 0.21875
0 0.8046875 0.67265625 0.0640625 0.11875
0 0.84921875 0.59765625 0.07421875 0.1375
0 0.8625 0.49140625 0.0859375 0.11484375
0 0.146875 0.6921875 0.096875 0.13046875
