0 0.58984375 0.3359375 0.18046875 0.4125
0 0.396875 0.2921875 0.1921875 0.40703125
0 0.23515625 0.284375 0.1265625 0.26796875
0 0.121875 0.36640625 0.1171875 0.4328125
0 0.1875 0.7640625 0.096875 0.20390625
0 0.28203125 0.703125 0.10625 0.20546875
0 0.390625 0.68828125 0.09140625 0.2015625
0 0.490625 0.69765625 0.0953125 0.25078125
0 0.596875 0.746875 0.10625 0.26640625
0 0.73203125 0.81953125 0.09375 0.128125
0 0.79765625 0.70625 0.08359375 0.2578125
0 0.86796875 0.734375 0.07734375 0.18046875
0 0.728125 0.38828125 0.1015625 0.37265625
0 0.8171875 0.35546875 0.08046875 0.33828125
0 0.87734375 0.44140625 0.0609375 0.26328125
