0 0.44609375 0.26015625 0.13828125 0.2390625
0 0.3296875 0.290625 0.0984375 0.13515625
0 0.60703125 0.29296875 0.13984375 0.2125
0 0.7171875 0.3 0.07734375 0.14296875
0 0.79609375 0.30390625 0.08046875 0.1109375
0 0.84609375 0.40234375 0.059375 0.10859375
0 0.84296875 0.5078125 0.06796875 0.09453125
0 0.7765625 0.6796875 0.0609375 0.0859375
0 0.70078125 0.7296875 0.08046875 0.12890625
0 0.29140625 0.76953125 0.06875 0.12109375
0 0.38203125 0.7234375 0.0765625 0.17265625
0 0.4578125 0.75390625 0.0640625 0.11484375
0 0.61171875 0.74765625 0.07890625 0.13671875
