0 0.5625 0.2515625 0.13046875 0.17734375
0 0.68984375 0.26171875 0.0953125 0.165625
0 0.76484375 0.29609375 0.1109375 0.25546875
0 0.83828125 0.31875 0.0609375 0.16171875
0 0.89375 0.31484375 0.0578125 0.10625
0 0.41015625 0.325 0.16015625 0.2546875
0 0.29453125 0.321875 0.0875 0.275
0 0.19140625 0.2375 0.1 0.234375
0 0.7 0.6890625 0.09140625 0.16875
0 0.77734375 0.67734375 0.05703125 0.178125
0 0.83203125 0.66015625 0.05546875 0.11640625
0 0.12421875 0.65234375 0.0578125 0.1328125
0 0.19296875 0.7109375 0.08515625 0.1921875
0 0.296875 0.66953125 0.10234375 0.17265625
0 0.3890625 0.69765625 0.08125 0.1375
